12562
13592
14216
12203
9778
12530
13751
14224
13995
9893
13537
5155
17037
13657
9898
15917
7031
1659
9869
9729
1287
5000
1656
9932
9881
13667
16846
15919
12120
6201
15908
722
9754
13665
12397
2631
16853
1694
12134
9790
694
9892
12155
13920
12094
13986
6223
1538
13674
6920
13804
13192
690
13993
11974
9719
12398
9759
1449
6807
9730
13897
15780
7060
5153
15267
15265
15268
13247
9748
13971
4937
15936
15923
6245
12050
14668
11898
12809
1105
14898
9914
1657
11972
16779
869
9868
11843
14404
9985
12583
16908
14237
5271
12004
12114
13236
12005
13162
14925
1479
826
6302
11225
12602
12064
2580
